v  40.2206 -16.2613 -156.2775
v  33.1929 -0.3710 -153.3768
v  26.5138 11.2634 -124.9432
v  14.3351 22.6319 -96.9723
v  3.0775 25.4823 -66.9413
v  -13.8324 28.3327 -60.8497
v  -32.7374 31.1831 -60.0779
v  -66.5936 34.0335 -69.3064
v  -118.4562 54.6599 -82.8751
v  -173.4454 75.7696 -98.6144
v  -260.8599 91.8128 -93.1866
v  -349.4520 99.8224 -85.5953
v  -412.6367 99.2861 -70.7004
v  -494.4395 95.9243 -58.1985
v  -575.4497 92.4803 -53.2861
v  -656.4600 89.0362 -48.3737
v  -581.0624 89.6778 -39.2187
v  -521.0076 91.9115 -20.3962
v  -467.2659 94.8005 2.5859
v  -455.5170 84.7523 40.5539
v  -462.1404 76.6108 69.7478
v  -478.0771 69.4358 115.0761
v  -420.0493 75.6603 76.6699
v  -383.4478 84.1083 54.3380
v  -338.4006 88.1254 37.9335
v  -302.2255 84.3731 34.6407
v  -256.9711 72.5717 46.1471
v  -224.2637 58.7283 66.6141
v  -198.2583 46.6335 99.4255
v  -183.5897 33.8582 150.4894
v  -164.6697 33.7151 96.6246
v  -147.6741 33.8771 54.4826
v  -128.3122 33.6639 24.2951
v  -105.4925 18.8179 3.4212
v  -80.5015 -5.8044 -7.0452
v  -69.8756 -30.9100 -7.5112
# 36 vertices

g Line02
l 1 2 3 4 5 6 7 8 9 10 11 12 13 14 15 16 17 18 19 20 21 22 23 24 25 26 27 28 29 30 31 32 33 34 35 36

#
# shape Line01
#

v  -46.3170 0.0000 -30.1674
v  -91.0291 12.1397 -48.3420
v  -135.7494 24.2795 -49.0574
v  -183.8187 36.4192 -54.2554
v  -230.2745 42.9496 -40.0744
v  -273.9042 41.7890 -24.4358
v  -302.1280 34.8382 -5.0290
v  -339.3401 23.2255 13.9176
v  -377.4843 11.6127 25.9854
v  -415.6284 0.0000 38.0533
v  -377.2078 8.2959 39.0209
v  -344.9127 16.5917 50.1880
v  -315.1060 24.8876 65.7148
v  -300.6974 16.2364 98.2123
v  -297.2070 7.5851 124.6913
v  -295.6272 -1.0661 166.5589
v  -275.1834 10.9340 126.8038
v  -262.8405 22.9341 103.5981
v  -244.4490 31.4512 84.7190
v  -226.5732 31.4532 78.1417
v  -200.0676 24.4912 83.6391
v  -177.7305 14.2524 98.2936
v  -161.8162 4.0136 125.6969
v  -139.3424 -6.2252 168.7950
v  -134.6357 -3.4253 117.7486
v  -129.3653 -0.6255 77.4996
v  -120.1450 2.1744 47.5979
v  -103.8306 -8.8267 24.9683
v  -86.1502 -29.0700 30.9768
v  -58.6985 -18.9242 52.7751
v  -43.2588 -8.7783 80.2935
v  -30.1513 1.3676 114.7645
v  -15.8115 11.5134 161.6424
v  -1.7770 13.0848 235.6596
v  1.3069 14.6562 280.0684
v  1.2131 16.2276 319.7211
v  -7.4593 17.7989 366.5537
v  -17.1826 12.3671 437.8044
v  3.8023 6.9353 488.8206
v  13.4585 1.5035 606.2229
v  6.5880 -3.9284 773.6246
v  21.6338 -9.6657 942.5886
# 42 vertices

g Line01
l 37 38 39 40 41 42 43 44 45 46 47 48 49 50 51 52 53 54 55 56 57 58 59 60 61 62 63 64 65 66 67 68 69 70 71 72 73 74 75 76 77 78

#
# shape Shape01
#

v  -18.0613 70.5540 110.7128
v  -25.2024 65.8893 154.4320
v  -33.3360 59.5923 192.7595
v  -47.5914 45.2757 235.9197
v  -61.0154 21.5664 302.6908
v  -53.4659 25.5780 357.4578
v  -63.7839 8.7280 473.7146
v  -92.1136 -30.1003 634.3069
v  -107.9806 -52.2143 801.8398
# 9 vertices

g Shape01
l 79 80 81 82 83 84 85 86 87

#
# shape Shape02
#

v  39.9543 7.8395 -142.5568
v  32.5262 26.6752 -129.1774
v  33.2492 37.3008 -98.8089
v  26.4305 49.6010 -70.0639
v  22.3051 57.1160 -45.0182
v  22.2196 59.7077 -6.2321
# 6 vertices

g Shape02
l 88 89 90 91 92 93

#
# shape Shape03
#

v  39.9543 7.8395 -142.5568
v  47.3824 26.6752 -129.1774
v  46.6594 37.3008 -98.8089
v  53.4781 49.6010 -70.0638
v  57.6035 57.1160 -45.0182
v  57.6890 59.7077 -6.2321
# 6 vertices

g Shape03
l 94 95 96 97 98 99

#
# shape Shape04
#

v  97.9699 70.5540 110.7128
v  105.1109 65.8893 154.4321
v  113.2445 59.5923 192.7595
v  127.4999 45.2757 235.9198
v  140.9240 21.5664 302.6908
v  133.3744 25.5780 357.4579
v  143.6925 8.7280 473.7146
v  172.0222 -30.1002 634.3069
v  187.8892 -52.2143 801.8399
# 9 vertices

g Shape04
l 100 101 102 103 104 105 106 107 108

#
# shape Line03
#

v  126.2256 0.0000 -30.1674
v  170.9377 12.1397 -48.3420
v  215.6580 24.2795 -49.0574
v  263.7272 36.4192 -54.2554
v  310.1830 42.9496 -40.0744
v  353.8127 41.7890 -24.4358
v  382.0365 34.8382 -5.0290
v  419.2487 23.2255 13.9176
v  457.3928 11.6127 25.9854
v  495.5369 0.0000 38.0533
v  457.1164 8.2959 39.0209
v  424.8213 16.5917 50.1880
v  395.0146 24.8876 65.7148
v  380.6060 16.2364 98.2123
v  377.1156 7.5851 124.6913
v  375.5358 -1.0661 166.5589
v  355.0919 10.9340 126.8038
v  342.7490 22.9341 103.5981
v  324.3575 31.4512 84.7190
v  306.4817 31.4532 78.1417
v  279.9761 24.4912 83.6391
v  257.6391 14.2524 98.2936
v  241.7247 4.0136 125.6969
v  219.2509 -6.2252 168.7950
v  214.5443 -3.4253 117.7487
v  209.2739 -0.6255 77.4996
v  200.0535 2.1744 47.5979
v  183.7392 -8.8267 24.9683
v  166.0587 -29.0700 30.9769
v  138.6070 -18.9242 52.7751
v  123.1674 -8.7783 80.2935
v  110.0598 1.3676 114.7645
v  95.7201 11.5134 161.6424
v  81.6855 13.0848 235.6596
v  78.6017 14.6562 280.0684
v  78.6955 16.2276 319.7211
v  87.3678 17.7989 366.5538
v  97.0912 12.3671 437.8044
v  76.1063 6.9353 488.8206
v  66.4500 1.5035 606.2229
v  73.3206 -3.9284 773.6246
v  58.2748 -9.6657 942.5886
# 42 vertices

g Line03
l 109 110 111 112 113 114 115 116 117 118 119 120 121 122 123 124 125 126 127 128 129 130 131 132 133 134 135 136 137 138 139 140 141 142 143 144 145 146 147 148 149 150

#
# shape Line04
#

v  39.6880 -16.2613 -156.2775
v  46.7156 -0.3710 -153.3768
v  53.3948 11.2634 -124.9432
v  65.5734 22.6319 -96.9723
v  76.8311 25.4823 -66.9413
v  93.7410 28.3327 -60.8497
v  112.6459 31.1831 -60.0779
v  146.5021 34.0335 -69.3064
v  198.3647 54.6599 -82.8751
v  253.3540 75.7696 -98.6144
v  340.7685 91.8128 -93.1866
v  429.3606 99.8224 -85.5953
v  492.5452 99.2861 -70.7004
v  574.3480 95.9243 -58.1985
v  655.3582 92.4803 -53.2861
v  736.3685 89.0362 -48.3737
v  660.9709 89.6778 -39.2187
v  600.9161 91.9115 -20.3962
v  547.1744 94.8005 2.5859
v  535.4255 84.7523 40.5540
v  542.0490 76.6108 69.7478
v  557.9856 69.4358 115.0761
v  499.9579 75.6603 76.6699
v  463.3563 84.1083 54.3380
v  418.3092 88.1254 37.9335
v  382.1341 84.3731 34.6407
v  336.8796 72.5717 46.1471
v  304.1722 58.7283 66.6141
v  278.1668 46.6335 99.4255
v  263.4983 33.8582 150.4894
v  244.5783 33.7151 96.6246
v  227.5826 33.8771 54.4826
v  208.2207 33.6639 24.2951
v  185.4010 18.8179 3.4212
v  160.4100 -5.8044 -7.0452
v  149.7842 -30.9100 -7.5112
# 36 vertices

g Line04
l 151 152 153 154 155 156 157 158 159 160 161 162 163 164 165 166 167 168 169 170 171 172 173 174 175 176 177 178 179 180 181 182 183 184 185 186

