v  0.0140 -0.1209 0.0557
v  -0.0171 -0.1105 0.0557
v  -0.0551 -0.1077 0.0557
v  -0.0936 -0.1215 0.0557
v  -0.1320 -0.1354 0.0557
v  -0.1789 -0.1287 0.0435
v  -0.2292 -0.0997 0.0312
v  -0.2531 -0.0714 0.0129
v  -0.2619 -0.0095 -0.0054
v  -0.2839 0.0205 -0.0298
v  -0.3153 0.0674 -0.0542
v  -0.3141 0.1335 -0.0908
v  -0.2898 0.1737 -0.0969
v  -0.2656 0.2140 -0.1030
v  -0.2174 0.2567 -0.0969
v  -0.1617 0.3016 -0.0908
v  -0.1078 0.3360 -0.0603
v  -0.0386 0.3541 -0.0298
v  0.0412 0.3471 -0.0176
v  0.1293 0.3187 -0.0054
v  0.2177 0.2834 0.0190
v  0.3061 0.1596 0.0557
v  0.3238 0.0270 0.0557
v  0.3149 -0.1498 0.0557
# 24 vertices

g Line01
l 1 2 3 4 5 6 7 8 9 10 11 12 13 14 15 16 17 18 19 20 21 22 23 24

#
# shape Shape19
#

v  0.3057 -0.1805 0.0557
v  0.2616 -0.3662 0.0557
v  0.1555 -0.4457 0.0068
v  0.0307 -0.5282 0.0068
v  -0.1008 -0.5253 0.0068
v  -0.1678 -0.5302 0.0435
v  -0.2158 -0.4722 0.0801
v  -0.2719 -0.4968 0.0679
v  -0.3130 -0.4545 0.0557
v  -0.3487 -0.4351 0.0923
v  -0.3564 -0.3767 0.1289
v  -0.3760 -0.3193 0.0923
v  -0.4014 -0.2601 0.0557
v  -0.4005 -0.2103 0.0557
v  -0.3660 -0.1717 0.0557
v  -0.3115 -0.2039 0.0801
v  -0.2870 -0.2621 0.1045
v  -0.2340 -0.3074 0.0801
v  -0.2241 -0.3844 0.0557
v  -0.1545 -0.3499 0.0557
v  -0.0790 -0.3811 0.0557
v  -0.0535 -0.2892 0.0984
v  -0.0125 -0.2424 0.1411
v  0.0358 -0.2719 0.1777
v  0.0848 -0.2601 0.1533
v  0.0473 -0.1894 0.1960
v  0.0406 -0.1187 0.2083
v  0.0799 -0.0478 0.1533
v  0.1285 -0.0501 0.1533
v  0.0954 0.0271 0.1533
v  0.1082 0.0821 0.1533
v  0.0711 0.1198 0.1533
v  0.0229 0.0935 0.1533
v  0.0115 0.0448 0.1533
v  0.0317 -0.0126 0.1533
v  0.1025 -0.0303 0.1533
# 36 vertices

g Shape19
l 25 26 27 28 29 30 31 32 33 34 35 36 37 38 39 40 41 42 43 44 45 46 47 48 49 50 51 52 53 54 55 56 57 58 59 60

#
# shape Shape20
#

v  0.0714 0.2119 0.1032
v  0.1803 0.1801 0.1704
v  0.2404 0.1240 0.1643
v  0.2492 0.0577 0.1688
v  0.2581 -0.0086 0.1612
v  0.2443 -0.0968 0.1521
v  0.2305 -0.1849 0.1063
# 7 vertices

g Shape20
l 61 62 63 64 65 66 67

#
# shape Shape120
#

v  0.0714 0.2119 -0.1592
v  0.1803 0.1801 -0.1958
v  0.2404 0.1240 -0.1897
v  0.2492 0.0577 -0.1852
v  0.2581 -0.0086 -0.1684
v  0.2443 -0.0968 -0.1470
v  0.2305 -0.1849 -0.1012
# 7 vertices

g Shape120
l 68 69 70 71 72 73 74

#
# shape Shape121
#

v  -0.0938 0.0709 0.1418
v  -0.1408 0.0447 0.1116
v  -0.1693 0.0332 0.0864
v  -0.1860 0.0269 0.0497
v  -0.1901 0.0240 0.0093
# 5 vertices

g Shape121
l 75 76 77 78 79

#
# shape Shape122
#

v  -0.0938 0.0857 -0.2065
v  -0.1408 0.0514 -0.1861
v  -0.1693 0.0325 -0.1658
v  -0.1860 0.0150 -0.1330
v  -0.1901 -0.0005 -0.0956
# 5 vertices

g Shape122
l 80 81 82 83 84

