v  -0.0709 0.0052 -0.0017
v  -0.1468 3.7537 -0.0017
v  -0.2058 3.5429 0.0670
v  0.0303 3.3911 0.1662
v  0.0050 3.5007 -0.1726
v  -0.3576 3.1888 -0.1115
v  0.0896 2.9021 0.1204
v  0.1736 3.0286 -0.2214
v  -0.5599 3.0118 -0.0886
v  -0.5177 2.8431 0.2181
v  -0.0625 2.7420 0.4744
v  -0.1636 2.8431 0.1814
v  -0.2732 2.6576 -0.0993
v  0.3413 2.5143 -0.4297
v  0.2579 2.6745 -0.3007
v  0.1820 2.4300 0.4744
v  0.4518 2.3542 -0.1085
v  -0.2901 2.3542 -0.5632
v  -0.2648 2.5059 -0.3557
v  -0.2058 2.2277 -0.5784
v  -0.9899 2.1687 -0.0017
v  -0.7707 2.3036 0.1876
v  -0.7959 2.0591 0.0716
v  -1.0152 1.7809 0.5110
v  -0.6864 1.8567 0.5355
v  -0.6948 1.6881 0.5110
v  -0.7791 1.6712 0.5355
v  -0.4250 1.6965 1.0237
v  -0.3828 1.6038 1.0726
v  -0.3576 1.4773 0.7552
v  0.2495 1.6038 0.8040
v  0.3759 1.6122 0.5721
v  0.0809 1.4099 0.5110
v  0.2326 1.8652 -0.2824
v  0.6879 1.8652 -0.0017
v  0.5445 1.6797 0.3852
v  0.5867 2.0675 0.3035
v  0.8312 2.0844 0.2791
v  0.9155 1.6544 0.4622
v  0.9592 1.6325 0.2059
v  0.8076 1.6105 0.0472
v  0.8597 1.5886 -0.2580
v  0.6325 1.5667 -0.3190
v  0.6457 1.5448 -0.5754
v  0.3256 1.4740 -0.6560
v  0.3106 1.4032 -0.4436
v  -0.5283 1.3323 -0.5546
v  -0.4883 1.2615 -0.3605
v  -0.8146 1.1907 -0.3190
v  -1.1490 1.4183 0.2913
v  -0.5102 1.1570 0.5599
v  -0.5875 1.1459 0.4134
v  -0.6992 1.1317 0.6819
v  0.1594 0.8450 0.7796
v  0.5077 0.9293 0.4134
v  -0.8634 0.7439 -0.0017
v  0.4713 1.0727 0.0228
v  0.0816 0.9492 -0.6456
v  -0.0036 0.7017 -0.5952
v  -0.7757 0.8703 -0.3190
v  -0.2875 0.7439 -0.0993
v  -0.7447 1.1148 0.4256
v  -0.0858 0.9125 0.4622
v  0.3844 0.8366 -0.0017
v  0.4687 1.2413 -0.0017
v  1.0167 1.2750 -0.0017
v  0.7806 1.2076 -0.0017
v  0.7132 1.3762 -0.0017
v  -0.2919 1.9916 0.2059
# 69 vertices

g Shape24
l 1 2 3 4 5 6 7 8 9 10 11 12 13 14 15 16 17 18 19 20 21 22 23 24 25 26 27 28 29 30 31 32 33 34 35 36 37 38 39 40 41 42 43 44 45 46 47 48 49 50 51 52 53 54 55 56 57 58 59 60 61 62 63 64 65 66 67 68 69

